0 0.59504 0.45674
1 0.69246 0.52459
2 0.69246 0.62322
3 0.69246 0.61540
4 0.69246 0.57737
5 0.72702 0.63830
6 0.72702 0.66269
7 0.75749 0.71078
8 0.77090 0.73433
9 0.77090 0.74147
10 0.77090 0.73901
11 0.77090 0.73893
12 0.77090 0.73936
13 0.77090 0.73699
14 0.77090 0.70825
15 0.77090 0.72832
16 0.77090 0.73226
17 0.77090 0.73458
18 0.77090 0.73458
19 0.77090 0.73748
20 0.77090 0.73857
21 0.77090 0.73873
22 0.77090 0.73646
23 0.77090 0.72027
24 0.77090 0.73413
25 0.77090 0.73749
26 0.77090 0.64787
27 0.77090 0.73376
28 0.77090 0.71206
29 0.77090 0.73281
30 0.77090 0.72847
31 0.77090 0.58881
32 0.77090 0.72485
33 0.77090 0.73174
34 0.77090 0.66194
35 0.77090 0.73130
36 0.77090 0.70864
37 0.77090 0.72814
38 0.77090 0.72644
39 0.77090 0.72788
40 0.77090 0.73243
41 0.77090 0.73598
42 0.77090 0.66847
43 0.77090 0.73007
44 0.77090 0.73258
45 0.77090 0.72604
46 0.77090 0.67162
47 0.77090 0.72943
48 0.77090 0.73183
49 0.77090 0.71963
50 0.77090 0.73798
51 0.77090 0.68827
52 0.77090 0.69804
53 0.77090 0.73879
54 0.77090 0.73745
55 0.77090 0.74221
56 0.77090 0.72575
57 0.77090 0.68065
58 0.77090 0.73620
59 0.77090 0.67041
60 0.77090 0.73904
61 0.77090 0.72773
62 0.77090 0.73706
63 0.77090 0.74571
64 0.77090 0.69856
65 0.77090 0.73163
66 0.77090 0.70135
67 0.77090 0.73771
68 0.77090 0.74208
69 0.77090 0.74139
70 0.77090 0.74029
71 0.77090 0.69341
72 0.77090 0.72007
73 0.77090 0.68964
74 0.77090 0.73340
75 0.77090 0.73836
76 0.77090 0.73515
77 0.77090 0.73641
78 0.77090 0.73241
79 0.77090 0.73287
80 0.77090 0.73449
81 0.77090 0.73552
82 0.77090 0.73351
83 0.77090 0.72750
84 0.77090 0.72788
85 0.77090 0.72513
86 0.77090 0.73042
87 0.77090 0.73371
88 0.77090 0.73359
89 0.77090 0.73655
90 0.77090 0.73436
91 0.77090 0.73233
92 0.77090 0.73474
93 0.77090 0.73570
94 0.77090 0.73507
95 0.77090 0.73827
96 0.77090 0.73277
97 0.77090 0.73345
98 0.77772 0.74032
99 0.77772 0.74218
100 0.77772 0.73807
101 0.77772 0.68125
102 0.77772 0.74343
103 0.77772 0.73671
104 0.77772 0.73686
105 0.77772 0.69080
106 0.77772 0.73824
107 0.77772 0.73384
108 0.77772 0.72875
109 0.77772 0.73473
110 0.77772 0.69351
111 0.77772 0.73472
112 0.77772 0.73571
113 0.77772 0.73217
114 0.77772 0.73485
115 0.77772 0.73550
116 0.77772 0.73780
117 0.77772 0.75493
118 0.77772 0.75334
119 0.77772 0.74699
120 0.77772 0.74409
121 0.77772 0.74116
122 0.77772 0.73524
123 0.77772 0.73845
124 0.77772 0.73930
125 0.77772 0.73872
126 0.77772 0.73941
127 0.77772 0.74068
128 0.77772 0.74023
129 0.77772 0.74268
130 0.77772 0.73938
131 0.77772 0.73608
132 0.77772 0.72747
133 0.77772 0.73674
134 0.77772 0.73358
135 0.77772 0.73385
136 0.77772 0.65856
137 0.77772 0.73433
138 0.77772 0.73365
139 0.77772 0.73569
140 0.77772 0.73416
141 0.77772 0.72989
142 0.77772 0.72326
143 0.77772 0.72193
144 0.77772 0.72475
145 0.77772 0.72688
146 0.77772 0.73237
147 0.77772 0.71104
148 0.77772 0.73277
149 0.77772 0.67756
150 0.77772 0.73283
151 0.77772 0.73528
152 0.77772 0.73379
153 0.77772 0.73703
154 0.77772 0.72272
155 0.77772 0.73688
156 0.77772 0.74132
157 0.77772 0.73199
158 0.77772 0.72092
159 0.77772 0.72235
160 0.77772 0.70721
161 0.77772 0.74175
162 0.77772 0.74239
163 0.77772 0.73445
164 0.77772 0.69395
165 0.77772 0.73044
166 0.77772 0.73156
167 0.77772 0.73508
168 0.77772 0.72720
169 0.77772 0.65531
170 0.77772 0.70391
171 0.77772 0.73657
172 0.77772 0.73591
173 0.77772 0.69805
174 0.77772 0.73246
175 0.77772 0.73132
176 0.77772 0.72782
177 0.77772 0.65680
178 0.77772 0.73727
179 0.77772 0.73910
180 0.77772 0.73799
181 0.77772 0.70422
182 0.77772 0.73633
183 0.77772 0.72046
184 0.77772 0.73976
185 0.77772 0.71746
186 0.77772 0.73751
187 0.77772 0.72506
188 0.77772 0.72176
189 0.77772 0.72378
190 0.77772 0.70351
191 0.77772 0.72518
192 0.77772 0.67683
193 0.77772 0.72419
194 0.77772 0.72985
195 0.77772 0.72797
196 0.77772 0.73464
197 0.77772 0.73491
198 0.77772 0.73312
199 0.77772 0.73700
200 0.77772 0.73082
201 0.77772 0.65804
202 0.77772 0.65332
203 0.77772 0.57162
204 0.77772 0.72147
205 0.77772 0.72822
206 0.77772 0.63172
207 0.77772 0.73782
208 0.77772 0.74279
209 0.77772 0.73894
210 0.77772 0.73559
211 0.77772 0.73932
212 0.77772 0.74410
213 0.77772 0.74385
214 0.77772 0.74358
215 0.77772 0.74110
216 0.77772 0.73737
217 0.77772 0.73690
218 0.77772 0.74293
219 0.77772 0.73939
220 0.77772 0.73372
221 0.77772 0.73785
222 0.77772 0.71777
223 0.77772 0.73446
224 0.77772 0.73620
225 0.77772 0.73548
226 0.77772 0.73345
227 0.77772 0.73295
228 0.77772 0.73869
229 0.77772 0.72325
230 0.77772 0.72856
231 0.77772 0.72496
232 0.77772 0.71928
233 0.77772 0.62799
234 0.77772 0.72352
235 0.77772 0.64488
236 0.77772 0.72752
237 0.77772 0.72919
238 0.77772 0.72958
239 0.77772 0.72941
240 0.77772 0.73164
241 0.77772 0.73379
242 0.77772 0.73397
243 0.77772 0.73244
244 0.77772 0.71101
245 0.77772 0.66873
246 0.77772 0.73441
247 0.77772 0.73402
248 0.77772 0.73054
249 0.77772 0.71328
250 0.77772 0.73146
251 0.77772 0.73197
252 0.77772 0.68180
253 0.77772 0.73082
254 0.77772 0.68326
255 0.77772 0.71975
256 0.77772 0.72820
257 0.77772 0.73267
258 0.77772 0.73356
259 0.77772 0.69036
260 0.77772 0.73836
261 0.77772 0.73593
262 0.77772 0.73863
263 0.77772 0.73500
264 0.77772 0.73608
265 0.77772 0.73584
266 0.77772 0.61624
267 0.77772 0.68453
268 0.77772 0.68178
269 0.77772 0.66904
270 0.77772 0.71583
271 0.77772 0.71744
272 0.77772 0.72459
273 0.77772 0.72796
274 0.77772 0.66675
275 0.77772 0.73291
276 0.77772 0.73335
277 0.77772 0.73655
278 0.77772 0.73480
279 0.77772 0.73792
280 0.77772 0.73380
281 0.77772 0.72966
282 0.77772 0.72945
283 0.77772 0.72883
284 0.77772 0.73529
285 0.77772 0.72766
286 0.77772 0.72967
287 0.77772 0.73672
288 0.77772 0.72891
289 0.77772 0.73425
290 0.77772 0.74060
291 0.77772 0.74071
292 0.77772 0.68158
293 0.77772 0.73291
294 0.77772 0.73503
295 0.77772 0.72986
296 0.77772 0.69588
297 0.77772 0.67688
298 0.77772 0.72686
299 0.77772 0.72803
300 0.77772 0.72778
301 0.77772 0.67782
302 0.77772 0.69146
303 0.77772 0.73034
304 0.77772 0.72881
305 0.77772 0.73185
306 0.77772 0.72925
307 0.77772 0.73617
308 0.77772 0.62669
309 0.77772 0.60034
310 0.77772 0.74338
311 0.77772 0.73049
312 0.77772 0.69872
313 0.77772 0.73448
314 0.77772 0.66036
315 0.77772 0.73606
316 0.77772 0.73539
317 0.77772 0.73801
318 0.77772 0.73522
319 0.77772 0.73002
320 0.77772 0.66719
321 0.77772 0.72732
322 0.77772 0.72199
323 0.77772 0.72921
324 0.77772 0.72457
325 0.77772 0.70246
326 0.77772 0.72978
327 0.77772 0.72598
328 0.77772 0.72803
329 0.77772 0.70906
330 0.77772 0.72511
331 0.77772 0.69124
332 0.77772 0.72666
333 0.77772 0.73286
334 0.77772 0.73256
335 0.77772 0.71711
336 0.77772 0.73226
337 0.77772 0.73544
338 0.77772 0.73713
339 0.77772 0.71384
340 0.77772 0.73975
341 0.77772 0.61841
342 0.77772 0.68531
343 0.77772 0.70863
344 0.77772 0.60798
345 0.77772 0.73370
346 0.77772 0.73676
347 0.77772 0.68883
348 0.77772 0.73347
349 0.77772 0.72752
350 0.77772 0.67148
351 0.77772 0.72883
352 0.77772 0.72846
353 0.77772 0.71198
354 0.77772 0.71645
355 0.77772 0.73362
356 0.77772 0.73515
357 0.77772 0.72902
358 0.77772 0.72765
359 0.77772 0.73345
360 0.77772 0.73365
361 0.77772 0.72311
362 0.77772 0.73242
363 0.77772 0.73523
364 0.77772 0.73654
365 0.77772 0.73265
366 0.77772 0.70529
367 0.77772 0.59878
368 0.77772 0.73745
369 0.77772 0.74210
370 0.77772 0.75203
371 0.77772 0.69640
372 0.77772 0.74304
373 0.77772 0.73811
374 0.77772 0.73612
375 0.77772 0.74356
376 0.77772 0.74755
377 0.77772 0.70653
378 0.77772 0.73610
379 0.77772 0.73353
380 0.77772 0.70217
381 0.77772 0.72689
382 0.77772 0.74501
383 0.77772 0.75450
384 0.77772 0.70927
385 0.77772 0.71028
386 0.77772 0.74664
387 0.77772 0.74071
388 0.77772 0.73107
389 0.77772 0.74014
390 0.77772 0.74649
391 0.77772 0.73632
392 0.77772 0.73978
393 0.77772 0.69404
394 0.77772 0.74040
395 0.77772 0.69588
396 0.77772 0.72740
397 0.77772 0.73708
398 0.77772 0.68781
399 0.77772 0.73352
400 0.77772 0.74088
401 0.77772 0.74347
402 0.77772 0.74738
403 0.77772 0.73818
404 0.77772 0.62952
405 0.77772 0.73244
406 0.77772 0.74670
407 0.77772 0.74577
408 0.77772 0.74647
409 0.77772 0.75365
410 0.77772 0.75509
411 0.77772 0.74439
412 0.77772 0.74881
413 0.77772 0.72891
414 0.77772 0.75591
415 0.77772 0.73491
416 0.77772 0.74064
417 0.77772 0.71758
418 0.77772 0.74525
419 0.77772 0.73774
420 0.77772 0.74069
421 0.77772 0.74641
422 0.77772 0.74060
423 0.77772 0.64986
424 0.77772 0.71160
425 0.77772 0.71928
426 0.77772 0.72277
427 0.77772 0.73242
428 0.77772 0.69474
429 0.77772 0.72900
430 0.77772 0.66908
431 0.77772 0.73176
432 0.77772 0.72896
433 0.77772 0.68407
434 0.77772 0.74050
435 0.77772 0.74638
436 0.77772 0.73985
437 0.77772 0.73484
438 0.77772 0.72933
439 0.77772 0.73073
440 0.77772 0.69939
441 0.77772 0.73635
442 0.77772 0.67631
443 0.77772 0.73262
444 0.77772 0.73450
445 0.77772 0.73780
446 0.77772 0.74972
447 0.77772 0.74060
448 0.77772 0.68942
449 0.77772 0.68332
450 0.77772 0.69021
451 0.77772 0.73208
452 0.77772 0.62208
453 0.77772 0.73640
454 0.77772 0.73447
455 0.77772 0.69612
456 0.77772 0.73385
457 0.77772 0.73820
458 0.77772 0.70538
459 0.77772 0.73813
460 0.77772 0.73505
461 0.77772 0.71371
462 0.77772 0.73498
463 0.77772 0.73718
464 0.77772 0.73754
465 0.77772 0.73379
466 0.77772 0.73115
467 0.77772 0.73490
468 0.77772 0.73301
469 0.77772 0.73495
470 0.77772 0.74041
471 0.77772 0.72512
472 0.77772 0.72689
473 0.77772 0.73441
474 0.77772 0.73417
475 0.77772 0.73845
476 0.77772 0.71983
477 0.77772 0.67359
478 0.77772 0.73403
479 0.77772 0.59865
480 0.77772 0.73017
481 0.77772 0.72614
482 0.77772 0.73919
483 0.77772 0.74141
484 0.77772 0.73286
485 0.77772 0.70342
486 0.77772 0.73065
487 0.77772 0.70239
488 0.77772 0.67579
489 0.77772 0.70607
490 0.77772 0.75142
491 0.77772 0.70783
492 0.77772 0.69653
493 0.77772 0.75541
494 0.77772 0.75345
495 0.77772 0.71987
496 0.77772 0.74919
497 0.77772 0.75473
498 0.77772 0.76328
499 0.77772 0.74466
500 0.77772 0.74351
501 0.77772 0.70067
502 0.77772 0.73745
503 0.77772 0.68073
504 0.77772 0.73300
505 0.77772 0.73155
506 0.77772 0.73333
507 0.77772 0.72941
508 0.77772 0.73165
509 0.77772 0.63530
510 0.77772 0.72526
511 0.77772 0.65886
512 0.77772 0.73238
513 0.77772 0.72789
514 0.77772 0.69665
515 0.77772 0.73150
516 0.77772 0.73173
517 0.77772 0.73425
518 0.77772 0.73710
519 0.77772 0.73396
520 0.77772 0.66502
521 0.77772 0.73015
522 0.77772 0.71544
523 0.77772 0.73007
524 0.77772 0.69292
525 0.77772 0.73173
526 0.77772 0.73577
527 0.77772 0.71647
528 0.77772 0.73488
529 0.77772 0.74146
530 0.77772 0.73450
531 0.77772 0.73434
532 0.77772 0.73434
533 0.77772 0.73261
534 0.77772 0.71040
535 0.77772 0.74010
536 0.77772 0.68079
537 0.77772 0.72018
538 0.77772 0.72086
539 0.77772 0.73306
540 0.77772 0.73454
541 0.77772 0.73767
542 0.77772 0.73873
543 0.77772 0.73750
544 0.77772 0.74019
545 0.77772 0.74225
546 0.77772 0.73563
547 0.77772 0.73319
548 0.77772 0.71111
549 0.77772 0.73702
550 0.77772 0.65742
551 0.77772 0.72082
552 0.77772 0.69286
553 0.77772 0.68695
554 0.77772 0.73320
555 0.77772 0.73275
556 0.77772 0.73823
557 0.77772 0.73853
558 0.77772 0.73769
559 0.77772 0.74819
560 0.77772 0.72734
561 0.77772 0.73787
562 0.77772 0.74142
563 0.77772 0.74709
564 0.77772 0.73949
565 0.77772 0.74056
566 0.77772 0.73893
567 0.77772 0.70645
568 0.77772 0.74075
569 0.77772 0.73413
570 0.77772 0.72179
571 0.77772 0.73076
572 0.77772 0.71933
573 0.77772 0.71026
574 0.77772 0.72052
575 0.77772 0.68738
576 0.77772 0.68435
577 0.77772 0.72822
578 0.77772 0.73763
579 0.77772 0.56380
580 0.77772 0.72436
581 0.77772 0.73018
582 0.77772 0.73242
583 0.77772 0.73358
584 0.77772 0.73903
585 0.77772 0.73517
586 0.77772 0.71384
587 0.77772 0.73629
588 0.77772 0.73816
589 0.77772 0.73699
590 0.77772 0.73434
591 0.77772 0.69578
592 0.77772 0.73105
593 0.77772 0.73222
594 0.77772 0.70386
595 0.77772 0.73738
596 0.77772 0.73788
597 0.77772 0.73549
598 0.77772 0.66517
599 0.77772 0.66893
600 0.77772 0.73094
601 0.77772 0.73364
602 0.77772 0.73754
603 0.77772 0.70172
604 0.77772 0.73536
605 0.77772 0.73735
606 0.77772 0.73993
607 0.77772 0.73603
608 0.77772 0.70832
609 0.77772 0.73751
610 0.77772 0.74087
611 0.77772 0.73501
612 0.77772 0.73840
613 0.77772 0.73231
614 0.77772 0.73038
615 0.77772 0.73379
616 0.77772 0.51798
617 0.77772 0.73508
618 0.77772 0.71484
619 0.77772 0.73381
620 0.77772 0.73354
621 0.77772 0.73402
622 0.77772 0.73297
623 0.77772 0.73672
624 0.77772 0.65155
625 0.77772 0.73481
626 0.77772 0.73580
627 0.77772 0.73593
628 0.77772 0.68698
629 0.77772 0.73611
630 0.77772 0.73544
631 0.77772 0.73448
632 0.77772 0.73147
633 0.77772 0.64772
634 0.77772 0.72902
635 0.77772 0.68083
636 0.77772 0.73612
637 0.77772 0.69030
638 0.77772 0.73656
639 0.77772 0.66482
640 0.77772 0.70680
641 0.77772 0.73854
642 0.77772 0.73464
643 0.77772 0.73483
644 0.77772 0.74024
645 0.77772 0.73258
646 0.77772 0.73295
647 0.77772 0.65883
648 0.77772 0.73371
649 0.77772 0.73779
650 0.77772 0.71126
651 0.77772 0.73297
652 0.77772 0.73234
653 0.77772 0.73321
654 0.77772 0.73380
655 0.81336 0.71971
656 0.81336 0.68912
657 0.81336 0.62035
658 0.81336 0.55872
659 0.81336 0.51295
660 0.81336 0.64355
661 0.81336 0.68881
662 0.81336 0.69904
663 0.81336 0.65172
664 0.81336 0.68408
665 0.81336 0.64797
666 0.81336 0.57939
667 0.89132 0.62154
668 0.89132 0.63600
669 0.89132 0.62423
670 0.89132 0.61874
671 0.89132 0.72127
672 0.89132 0.56182
673 0.89132 0.51615
674 0.89132 0.51989
675 0.89132 0.58264
676 0.89132 0.61456
677 0.89132 0.54502
678 0.89132 0.62548
679 0.89132 0.63600
680 0.89132 0.52356
681 0.89132 0.63044
682 0.89132 0.65782
683 0.89132 0.63371
684 0.89132 0.63997
685 0.89132 0.69469
686 0.89132 0.63147
687 0.89132 0.67297
688 0.89132 0.68238
689 0.89132 0.70086
690 0.89132 0.61217
691 0.89132 0.51300
692 0.89132 0.58360
693 0.89132 0.61305
694 0.89132 0.56036
695 0.89132 0.64502
696 0.89132 0.66412
697 0.89132 0.61772
698 0.89132 0.70077
699 0.89132 0.51208
700 0.89132 0.54338
701 0.89132 0.60765
702 0.89132 0.56464
703 0.89132 0.56902
704 0.89132 0.52155
705 0.89132 0.59048
706 0.89132 0.49569
707 0.89132 0.57654
708 0.89132 0.63225
709 0.89132 0.59759
710 0.89132 0.63708
711 0.89132 0.66209
712 0.89132 0.62225
713 0.89132 0.57486
714 0.89132 0.61701
715 0.89132 0.66262
716 0.89132 0.65821
717 0.89132 0.60375
718 0.89132 0.63669
719 0.89132 0.64004
720 0.89132 0.63944
721 0.89132 0.62836
722 0.89132 0.61417
723 0.89132 0.56972
724 0.89132 0.62312
725 0.89132 0.69058
726 0.89132 0.58281
727 0.89132 0.60324
728 0.89132 0.66010
729 0.89132 0.64339
730 0.89132 0.53227
731 0.89132 0.55570
732 0.89132 0.60477
733 0.89132 0.58479
734 0.89132 0.57689
735 0.89132 0.60747
736 0.89132 0.58296
737 0.89132 0.60207
738 0.89132 0.56451
739 0.89132 0.60216
740 0.89132 0.53669
741 0.89132 0.55899
742 0.89132 0.68579
743 0.89132 0.61450
744 0.89132 0.43848
745 0.89132 0.51954
746 0.89132 0.56498
747 0.89132 0.51455
748 0.89132 0.57716
749 0.89132 0.59048
750 0.89132 0.63558
751 0.89132 0.60666
752 0.89132 0.54770
753 0.89132 0.45372
754 0.89132 0.50904
755 0.89132 0.55345
756 0.89132 0.56897
757 0.89132 0.59563
758 0.89132 0.64126
759 0.89132 0.68296
760 0.89132 0.76793
761 0.89132 0.65270
762 0.89132 0.71643
763 0.89132 0.58073
764 0.89132 0.62073
765 0.89132 0.58085
766 0.89132 0.63699
767 0.89132 0.67733
768 0.89132 0.65623
769 0.89132 0.67454
770 0.89132 0.62443
771 0.89132 0.56123
772 0.89132 0.62856
773 0.89132 0.64488
774 0.89132 0.68662
775 0.89132 0.63504
776 0.89132 0.71308
777 0.89132 0.72878
778 0.89132 0.73048
779 0.89132 0.73796
780 0.89132 0.70950
781 0.89132 0.65967
782 0.89132 0.65438
783 0.89132 0.73071
784 0.89132 0.70298
785 0.89132 0.67300
786 0.89132 0.58775
787 0.89132 0.58300
788 0.89132 0.62722
789 0.89132 0.55701
790 0.89132 0.48643
791 0.89132 0.51351
792 0.89132 0.56555
793 0.89132 0.52932
794 0.89132 0.55694
795 0.89132 0.62856
796 0.89132 0.61633
797 0.89132 0.63276
798 0.89132 0.67806
799 0.89132 0.63026
800 0.89132 0.66351
801 0.89132 0.68296
802 0.89132 0.71525
803 0.89132 0.62605
804 0.89132 0.68630
805 0.89132 0.68214
806 0.89132 0.63090
807 0.89132 0.57403
808 0.89132 0.50185
809 0.89132 0.58876
810 0.89132 0.55637
811 0.89132 0.61654
812 0.89132 0.70410
813 0.89132 0.67783
814 0.89132 0.69368
815 0.89132 0.67024
816 0.89132 0.67045
817 0.89132 0.62513
818 0.89132 0.62796
819 0.89132 0.60928
820 0.89132 0.60007
821 0.89132 0.67998
822 0.89132 0.50046
823 0.89132 0.48023
824 0.89132 0.57776
825 0.89132 0.63572
826 0.89132 0.59255
827 0.89132 0.62342
828 0.89132 0.62811
829 0.89132 0.65868
830 0.89132 0.67242
831 0.89132 0.55293
832 0.89132 0.61696
833 0.89132 0.58236
834 0.89132 0.52593
835 0.89132 0.50020
836 0.89132 0.59792
837 0.89132 0.52934
838 0.89132 0.55298
839 0.89132 0.66925
840 0.89132 0.58657
841 0.89132 0.59773
842 0.89132 0.54340
843 0.89132 0.52011
844 0.89132 0.54154
845 0.89132 0.56903
846 0.89132 0.51625
847 0.89132 0.60077
848 0.89132 0.52078
849 0.89132 0.58507
850 0.89132 0.56862
851 0.89132 0.59533
852 0.89132 0.64352
853 0.89132 0.61194
854 0.89132 0.66780
855 0.89132 0.63699
856 0.89132 0.58961
857 0.89132 0.55517
858 0.89132 0.50158
859 0.89132 0.44499
860 0.89132 0.45734
861 0.89132 0.46843
862 0.89132 0.49953
863 0.89132 0.53578
864 0.89132 0.56229
865 0.89132 0.57805
866 0.89132 0.55334
867 0.89132 0.64835
868 0.89132 0.63158
869 0.89132 0.65706
870 0.89132 0.62789
871 0.89132 0.60827
872 0.89132 0.61375
873 0.89132 0.63376
874 0.89132 0.70456
875 0.89132 0.59019
876 0.89132 0.58394
877 0.89132 0.66387
878 0.89132 0.73355
879 0.89132 0.72055
880 0.89132 0.66996
881 0.89132 0.63793
882 0.89132 0.74379
883 0.89132 0.66956
884 0.89132 0.67839
885 0.89132 0.67842
886 0.89132 0.67670
887 0.89132 0.59352
888 0.89132 0.62505
889 0.89132 0.55287
890 0.89132 0.62100
891 0.89132 0.62541
892 0.89132 0.56423
893 0.89132 0.51971
894 0.89132 0.56029
895 0.89132 0.60716
896 0.89132 0.65702
897 0.89132 0.55195
898 0.89132 0.51147
899 0.89132 0.67419
900 0.89132 0.60953
901 0.89132 0.48915
902 0.89132 0.47545
903 0.89132 0.45445
904 0.89132 0.50939
905 0.89132 0.51930
906 0.89132 0.52379
907 0.89132 0.41540
908 0.89132 0.48512
909 0.89132 0.62001
910 0.89132 0.69473
911 0.89132 0.54894
912 0.89132 0.64202
913 0.89132 0.59838
914 0.89132 0.55235
915 0.89132 0.46849
916 0.89132 0.51418
917 0.89132 0.54851
918 0.89132 0.58298
919 0.89132 0.64604
920 0.89132 0.60063
921 0.89132 0.60405
922 0.89132 0.61136
923 0.89132 0.62784
924 0.89132 0.63387
925 0.89132 0.58528
926 0.89132 0.60374
927 0.89132 0.52313
928 0.89132 0.50679
929 0.89132 0.48508
930 0.89132 0.58646
931 0.89132 0.56511
932 0.89132 0.57325
933 0.89132 0.55681
934 0.89132 0.68263
935 0.89132 0.62267
936 0.89132 0.64968
937 0.89132 0.66386
938 0.89132 0.69805
939 0.89132 0.67006
940 0.89132 0.64617
941 0.89132 0.68118
942 0.89132 0.63944
943 0.89132 0.66578
944 0.89132 0.68345
945 0.89132 0.72322
946 0.89132 0.71994
947 0.89132 0.71905
948 0.89132 0.63457
949 0.89132 0.58959
950 0.89132 0.60310
951 0.89132 0.63137
952 0.89132 0.59145
953 0.89132 0.69454
954 0.89132 0.68968
955 0.89132 0.67111
956 0.89132 0.57365
957 0.89132 0.54349
958 0.89132 0.49929
959 0.89132 0.65652
960 0.89132 0.54658
961 0.89132 0.56627
962 0.89132 0.63619
963 0.89132 0.64418
964 0.89132 0.63413
965 0.89132 0.56510
966 0.89132 0.62167
967 0.89132 0.60502
968 0.89132 0.58922
969 0.89132 0.64134
970 0.89132 0.61267
971 0.89132 0.65635
972 0.89132 0.64178
973 0.89132 0.63567
974 0.89132 0.64959
975 0.89132 0.65081
976 0.89132 0.64118
977 0.89132 0.62796
978 0.89132 0.70564
979 0.89132 0.67349
980 0.89132 0.69269
981 0.89132 0.66979
982 0.89132 0.66097
983 0.89132 0.58957
984 0.89132 0.52445
985 0.89132 0.68048
986 0.89132 0.71248
987 0.89132 0.67335
988 0.89132 0.65526
989 0.89132 0.66733
990 0.89132 0.67001
991 0.89132 0.72513
992 0.89132 0.74430
993 0.89132 0.75487
994 0.89132 0.68480
995 0.89132 0.68809
996 0.89132 0.71367
997 0.89132 0.61763
998 0.89132 0.68350
999 0.89132 0.70277
